10,178
10,88
10,244
10,126
10,204
10,122
10,230
10,212
11,24
11,7
11,5
11,22
11,18
8,6
8,15
270,3
270,2
270,0
269,4
269,3
269,2
269,1
269,0
266,4
266,3
266,2
266,1
266,0
265,4
265,3
265,2
265,1
265,0
263,5
263,4
263,3
263,2
263,1
263,0
260,6
260,5
260,4
260,3
260,2
260,1
260,0
258,6
258,5
258,4
258,3
258,2
258,1
258,0
256,6
256,5
256,4
256,3
256,2
256,1
256,0
249,4
249,3
249,2
249,1
249,0
246,3
246,2
246,1
246,0
20,2
12,3
20,1
12,2
20,3
12,1
11,27
11,23
11,20
11,14
11,10
11,9
19,2
11,8
11,3
19,1
11,2
19,3
11,1
10,302
10,278
10,245
10,215
10,210
10,162
10,136
10,114
10,97
10,14
10,3
10,2
18,1
10,1
9,7
9,6
18,3
9,4
9,3
9,2
9,1
8,16
8,11
8,8
8,4
8,3
8,2
8,1
